1.0000
0.9755
0.9519
0.9291
0.9086
0.8889
0.8702
0.8533
0.8370
0.8217
0.8059
0.7922
0.7783
0.7627
0.7464
0.7277
0.7087
0.6908
0.6749
0.6591
0.6423
0.6267
0.6111
0.5964
0.5834
0.5712
0.5587
0.5452
0.5307
0.5166
0.5038
0.4928
0.4816
0.4689
0.4585
0.4491
0.4409
0.4353
0.4290
0.4199
0.4113
0.4014
0.3914
0.3795
0.3675
0.3545
0.3432
0.3302
0.3188
0.3080
0.2961
0.2827
0.2697
0.2581
0.2479
0.2402
0.2342
0.2287
0.2213
0.2154
0.2073
0.2003
0.1939
0.1865
0.1777
0.1672
0.1600
0.1552
0.1546
0.1531
0.1518
0.1497
0.1476
0.1451
0.1435
0.1412
0.1397
0.1369
0.1324
0.1234
0.1182
0.1128
0.1090
0.1052
0.1028
0.0957
0.0909
0.0869
0.0833
0.0779
0.0734
0.0692
0.0654
0.0612
0.0567
0.0562
0.0555
0.0550
0.0568
0.0607
0.0625
0.0635
0.0640
0.0652
0.0647
0.0647
0.0643
0.0650
0.0650
0.0637
0.0619
0.0599
0.0602
0.0623
0.0634
0.0639
0.0616
0.0587
0.0569
0.0549
0.0544
0.0516
0.0482
0.0437
0.0411
0.0381
0.0356
0.0329
0.0287
0.0253
0.0233
0.0197
0.0168
0.0127
0.0068
0.0005
